21003 1308 2835
21003 2871 3440
21003 3476 3915
21003 4192 4448
21003 4484 4746
21003 4782 5071
21003 5107 5397
21003 5433 5718
21003 5754 6038
21003 6074 6460
21003 6496 6920
21003 6956 7250
21003 7286 7557
21003 7593 7980
21003 8016 8155
21003 8191 8359
21003 8395 20279
21003 20315 20617
21003 20653 21473
21003 51274 51340
21003 56488 56514
21003 56548 56573
21003 92291 98966
21003 101653 102200
26001 629 634
26001 685 700
26001 746 753
26001 836 858
26002 2027 2045
26002 2059 2101
26002 796 855
10001 89595 89945
10001 98265 98416
10001 98048 98111
10024 744 821
10024 877 886
10024 1087 1147
10024 1449 1518
10024 2767 2815
10024 2829 2901
10036 13671 13977
10036 13868 13899
10024 2915 2988
10024 3002 3093
10014 2238 2267
10014 7631 7642
10014 93052 93093
10015 840 863
10015 2496 10022
10015 13228 25445
10016 681 691
10016 737 744
10016 822 868
10018 1973 2005
10018 2036 2062
10018 3290 3364
10018 2103 2108
10018 2175 2181
10018 2293 2300
10018 2402 2410
10018 2481 2497
10018 2583 2604
10018 2686 2698
10018 3226 3234
10018 3443 3456
10018 3470 3481
10018 3495 3507
10018 3521 3544
10018 3558 3595
10018 3609 3652
10018 3666 3683
10014 2316 2324
10014 2355 2360
10014 2402 2410
10014 2436 2448
10014 2471 2480
10014 2564 2570
10014 2603 2631
10014 2664 2693
10014 2739 2749
10014 2772 2786
10014 9584 9631
10014 9668 9716
10014 102603 102634
10015 12459 12484
10014 3798 3828
10014 3844 3863
10014 3877 3908
10014 3922 3950
10014 3964 3990
10027 690 1256
10027 1506 1527
10027 1315 1325
10027 1381 1390
10027 1461 1476
10027 1586 1642
10027 1656 1710
10027 1724 1771
10014 4004 4054
10014 4068 4127
10014 4141 4202
10001 89682 89945
10001 98547 98625
10003 3998 4063
10006 1494 1574
10006 688 693
10006 726 740
10006 773 788
10006 884 889
10006 1003 1016
10006 1063 1075
10006 1104 1128
10006 1151 1162
10006 1244 1256
10006 1352 1363
10006 1386 1397
10006 1420 1431
10006 1609 1623
10006 1999 2018
10006 2032 2045
10006 2059 2092
10006 2106 2149
10006 2163 2199
10006 2213 2246
10006 2262 2635
10006 4228 4250
10006 2520 2553
10006 2571 2620
10006 2944 3092
10006 3063 3077
10006 4421 4500
10018 3990 3995
10006 4514 4565
10006 4579 4602
10006 4616 4633
10006 4658 4663
10006 4649 4927
10006 4712 4740
10014 7737 7751
10014 7773 7786
10014 7800 8111
10014 7939 7999
10016 1041 1060
10018 6011 6034
10016 1074 1089
10018 4465 4480
10018 5246 5275
10018 4707 4731
10018 9827 9840
10018 5559 5588
10018 6207 6240
10018 6254 6955
10018 6342 6361
10014 10152 10180
10014 10194 10313
10018 4196 4220
10014 87070 87110
10014 87126 92829
10014 87171 87184
10014 87202 87234
10018 10724 10866
10018 7027 8851
10018 7097 7200
10018 7358 7857
10018 7877 8394
10018 8414 8557
10018 8575 8738
10018 8756 8794
10018 8812 8836
10018 10936 10969
10014 87252 87760
10014 87434 87760
10014 87780 92814
10014 92788 92795
10014 10327 10361
10014 10377 10412
10014 10428 10441
10014 10455 10491
10014 84888 84926
10014 84942 86921
10014 57299 57485
10018 22469 22511
10014 85069 86749
10014 85168 86419
10014 5556 5585
10014 5437 5473
10014 85932 86396
10027 2037 2173
10027 2189 2232
10940 1099 1204
10007 31559 38579
10007 38541 38564
10007 47662 51479
10007 51441 51464
10027 2246 2277
10014 86045 86106
10014 86443 86587
10014 86769 86781
10014 10505 10556
10014 9812 9826
10014 9842 10039
10014 9904 9909
10014 9895 10024
10014 10055 10068
10016 1306 2023
10016 1996 2008
10014 10572 10601
10014 10615 10715
10014 10729 10765
10014 10781 10837
10014 11841 11923
10014 11939 11979
10014 11993 12035
10014 12051 12069
10014 12083 16517
10014 12311 16502
10014 12428 12538
10004 518 531
10004 580 620
10004 2469 2496
10004 2550 3091
10004 2946 3048
10004 3194 3275
10004 3291 3354
10020 1094 1174
10020 1709 1745
10010 9151 9273
10010 1819 1846
10020 418 422
10020 654 671
10020 685 827
10004 3368 3443
10004 3414 3428
10004 669 695
10004 2792 2866
10004 744 776
10004 2628 2714
10004 825 848
10004 3662 3730
10004 3744 3819
10004 3790 3804
10004 897 919
10004 970 1032
10004 3459 3540
10020 2811 2888
10010 2145 2177
10004 1081 1129
10004 1178 1232
10004 1281 1326
10004 3835 3916
10004 1375 1419
10004 1470 1528
10004 1568 1595
10004 6825 6907
10005 5372 5423
10005 5460 5514
10005 5661 5750
10005 5813 5907
10005 5970 6070
10005 6133 6232
10005 6290 6368
10005 6393 6427
10005 6384 7013
10005 6505 6567
10010 724 751
10005 884 913
10005 10455 10493
10007 51572 69806
10007 51667 51678
10005 927 964
10005 6585 6726
10005 6744 6854
10005 6872 6998
10005 6465 6471
10007 51751 51762
10007 51830 51841
10007 51910 51921
10007 51988 51999
10007 52070 52081
10007 52151 52162
10007 52233 52244
10007 52316 52327
10007 52394 52405
10007 52471 52482
10007 52550 52561
10007 52632 52643
10007 52715 52726
10007 52799 52810
10007 52884 52895
10007 52960 52971
10007 53042 53054
10007 53121 53132
10007 53203 53214
10007 53287 53299
10007 53372 53383
10007 53453 53464
10007 53531 53542
10007 53615 53626
10007 53691 53702
10007 53772 53783
10007 53849 53860
10007 53927 53938
10007 56995 57007
10007 69771 69791
10007 54016 54028
10007 54103 54115
10007 54192 54206
10007 54281 54294
10007 54369 54388
10007 54461 54474
10007 54565 54577
10007 54666 54678
10007 54777 54789
10007 54869 54881
10007 54953 54965
10007 55035 55047
10007 55119 55131
10007 55209 55221
10007 55299 55311
10007 55390 55402
10007 55476 55488
10007 55567 55579
10007 55655 55667
10007 55745 55757
10007 55841 55854
10007 55933 55945
10007 56029 56041
10007 56131 56144
10007 56217 56229
10007 56305 56317
10007 56388 56400
10007 56477 56489
10007 56561 56573
10007 56646 56658
10007 56731 56743
10007 56818 56830
10007 56914 56927
10007 57106 57120
10007 57188 57202
10007 57271 57286
10007 57355 57370
10007 57440 57456
10007 57523 57536
10007 57604 57618
10007 57686 57700
10007 57769 57784
10007 57854 57870
10007 57939 57954
10007 58025 58042
10007 58112 58128
10007 58196 58210
10007 58278 58292
10007 58362 58378
10007 58448 58464
10007 58534 58550
10007 58618 58632
10007 58700 58714
10007 58783 58798
10007 58864 58876
10007 58944 58958
10007 59027 59042
10007 59109 59122
10007 59193 59210
10007 59276 59288
10007 59358 59374
10007 59442 59456
10007 59527 59544
10007 59611 59624
10007 59693 59708
10007 59779 59796
10007 59864 59878
10007 59946 59960
10007 60029 60044
10007 60116 60134
10007 60204 60220
10007 60289 60304
10007 60374 60390
10007 60461 60478
10007 60550 60568
10007 60641 60660
10007 60730 60746
10007 60818 60836
10007 60906 60922
10007 60991 61006
10007 61075 61090
10007 61164 61184
10007 61256 61274
10007 61341 61354
10007 61426 61444
10007 61516 61534
10007 61605 61622
10007 61691 61706
10007 61776 61792
10007 61859 61872
10007 61939 61952
10007 62018 62030
10007 62096 62108
10007 62174 62186
10007 62256 62272
10007 62343 62362
10007 62433 62452
10007 62523 62542
10007 62614 62634
10007 62702 62716
10007 62784 62798
10007 62871 62890
10007 62959 62974
10007 63043 63058
10007 63128 63144
10007 63217 63236
10007 63304 63318
10007 63390 63408
10007 63479 63496
10007 63569 63588
10007 63658 63674
10007 63746 63764
10007 63926 63944
10007 63836 63854
10007 65789 65804
10007 65875 65892
10007 67033 67048
10007 68158 68174
10007 67470 67488
10007 67558 67574
10007 67642 67656
10007 67725 67740
10007 67810 67826
10007 67895 67910
10007 67982 68000
10007 68071 68088
10007 66617 66630
10007 66697 66710
10007 66777 66790
10007 66860 66876
10007 66449 66464
10007 65960 65974
10007 66043 66058
10007 66126 66140
10007 66208 66222
10007 66289 66302
10007 66368 66380
10007 66534 66550
10007 66947 66964
10007 67114 67126
10007 67196 67212
10007 67285 67304
10007 67378 67398
10007 68244 68260
10007 68329 68344
10007 68413 68428
10007 68496 68510
10007 69119 69131
10007 69040 69053
10007 69198 69211
10007 69279 69293
10007 69361 69375
10007 69443 69457
10007 69527 69543
10007 69614 69631
10007 69704 69723
10007 64012 64026
10007 64095 64110
10007 64180 64196
10007 64269 64288
10007 64358 64374
10007 64443 64458
10007 64529 64546
10007 64615 64630
10007 64698 64712
10007 64782 64798
10007 64868 64884
10007 64956 64974
10007 65045 65062
10007 65133 65150
10007 65223 65234
10007 68595 68608
10007 68691 68703
10007 68796 68810
10007 65302 65316
10007 65388 65406
10007 65476 65492
10007 65564 65582
10007 65657 65678
10007 68960 68973
10007 68882 68893
10005 8904 9065
10005 9007 9050
10005 8291 8608
10005 8344 8593
10005 8406 8430
10005 8119 8153
10010 901 928
10005 1788 1825
10014 16533 16732
10014 16748 16761
10006 4758 4784
10006 11670 11698
10006 11712 11824
10006 11840 11880
10006 11894 11908
10006 4802 4912
10006 4675 4678
10018 4990 5010
10027 3629 3703
10027 3719 4060
10027 3826 3856
10015 12571 12605
10018 5811 5841
10015 12627 12676
10015 12690 12724
10018 9589 9599
10014 16299 16359
10007 6359 6433
10014 16385 16451
10004 5073 5124
10005 3899 4263
10005 4279 4839
10005 4332 4824
10005 4394 4439
10015 12749 12793
10015 12815 12828
10027 3874 3942
10027 4076 4089
10018 7168 7181
10018 10827 10851
10014 87488 87741
10019 5283 6512
10014 87629 87741
10019 7074 7228
10018 9300 9364
10022 3497 3550
10022 3783 3808
10022 3599 3630
10022 6302 6356
10022 10956 10981
10022 10995 11463
10022 11479 11494
10022 6370 6458
10022 6826 6880
10022 6894 6982
10014 15973 16039
10003 964 992
10003 1072 1093
10003 1166 1180
10003 1257 1272
10003 1307 1317
10003 1355 1363
10003 1401 1446
10003 2033 2084
10003 2098 2161
10001 89753 89788
10003 323462 323731
10003 10536 10571
10003 10623 10642
10003 323829 323894
10003 37916 37971
10003 38021 38047
10003 38065 38128
10003 38148 38302
10003 37739 37800
10006 9911 9978
10006 10080 10179
10006 10195 10412
10006 10363 10397
10003 38322 38344
10003 38364 38391
10003 38460 38483
10003 324343 324474
10003 328427 328724
10003 575753 575850
10003 575818 575831
10003 324490 324550
10003 577035 577254
10006 5011 5042
10006 43985 44011
10006 5056 5161
10006 5110 5128
10006 5177 5191
10006 5205 5278
10003 578323 578356
10003 578374 578413
10003 578431 578454
10003 578472 578499
10003 578517 578546
10003 324600 324618
10003 324636 324695
10003 324715 324738
10003 324833 328028
10003 327817 327888
10003 331132 332526
10005 10175 10192
10003 331435 332526
10003 333557 333659
10003 331834 332526
10003 333738 333820
10006 14380 14401
10006 14415 14521
10006 14537 14762
10006 14709 14747
10003 331985 332526
10003 334054 334230
10003 332132 332526
10003 446409 446513
10006 7226 7271
10006 7124 7150
10014 4681 4697
10003 576392 576431
10003 332294 332526
10003 561489 561689
10003 561705 561718
10003 332542 332554
10003 327914 327977
10003 328048 328131
10003 328934 328966
10003 328982 329135
10003 334560 334592
10003 334606 335102
10003 423843 424176
10003 424148 424161
10007 10509 11397
10007 11369 11382
10003 335213 335386
10003 335402 335568
10003 335584 335622
10003 335638 335875
10003 424294 424934
10003 424906 424919
10003 335889 335983
10003 335999 336084
10003 336227 336345
10003 351368 352716
10003 233608 233751
10003 576627 576666
10003 351431 352701
10003 351959 352397
10032 17472 17524
10003 352357 352370
10003 336359 336464
10003 336420 336449
10003 329071 329120
10003 431811 431883
10003 432953 433007
10003 448709 448727
10003 448743 448802
10003 448818 448866
10003 449181 449210
10003 449224 449253
10003 449603 449635
10003 449649 449841
10003 436243 437222
10003 437194 437207
10003 449936 453214
10003 445870 445985
10007 13595 13653
10007 13947 15041
10007 15003 15026
10003 450365 453214
10003 451094 453214
10003 446593 448433
10003 448449 448462
10003 451578 453214
10003 451788 453214
10003 452441 453214
10003 452848 453214
10003 471928 472114
10003 295561 295606
10003 472086 472099
10003 453158 453199
10003 464905 464969
10003 465078 465110
10003 465124 471190
10003 467160 468271
10003 232898 233258
10003 232988 233243
10003 236428 236665
10003 236681 236694
10003 236249 236316
10003 81432 81657
10003 233212 233224
10003 467237 468038
10003 474204 474223
10003 474237 474457
10003 474473 474542
10003 467444 468038
10003 511157 511301
10003 511315 511411
10003 511776 511790
10003 511804 511820
10003 511834 512361
10003 512006 512361
10003 512295 512309
10003 512327 512346
10003 512377 513032
10003 513048 513387
10003 513403 513887
10003 514091 514224
10003 514196 514209
10003 467643 468038
10003 467949 468011
10003 273165 273218
10003 240497 240533
10003 233898 234261
10003 234277 234313
10003 234506 234539
10003 234553 236153
10003 235252 235595
10003 235615 235661
10006 14954 14981
10006 14995 15013
10006 15454 15515
10010 4289 4301
10006 15531 15552
10006 15568 15679
10006 15695 15710
10006 15027 15037
10003 235681 235906
10003 235926 235949
10003 234327 234367
10003 240547 240633
10003 240887 240914
10003 240928 241931
10003 241947 241959
10003 273232 273443
10003 273457 273469
10003 482925 483113
10003 483129 483449
10006 16644 16691
10007 7192 7276
10007 7264 7276
10006 16707 16734
10006 16748 16866
10006 16805 16823
10006 16841 16851
10003 483463 483532
10008 1083 1180
10008 1305 1355
10008 1371 1494
10008 1510 1633
10008 1649 1662
10010 7869 7987
10010 8003 8121
10008 802 891
10003 453230 453287
10003 453437 461180
10003 453574 453616
10003 453636 453670
10003 453688 453706
10003 453724 454737
10003 446094 446138
10007 21574 21627
10007 21906 24321
10007 24283 24306
10003 453885 454737
10003 446251 446312
10007 25425 26216
10007 26188 26201
10003 454104 454737
10003 454256 454737
10003 454466 454737
10003 461509 463159
10003 463175 463194
10003 448964 448995
10003 439124 445756
10003 445622 445648
10003 449017 449035
10003 449049 449063
10003 432062 432084
10003 432098 432555
10003 432487 432540
10006 16059 16102
10006 16118 16145
10006 16159 16273
10006 16212 16230
10006 16248 16258
10003 432571 432648
10003 328200 328218
10003 328236 328280
10003 577687 577726
10006 6863 6909
10006 6923 6937
10006 6951 7037
10006 7005 7022
10001 89806 89871
10001 89827 89871
10003 578697 578766
10003 578754 578766
10001 89889 89930
26002 2117 2143
26002 2157 2220
10002 5242 5280
26002 2234 2275
10005 3119 3123
10005 15099 15328
10005 15344 15368
10005 15384 15615
10005 15430 15468
10005 15486 15600
10005 15144 15181
10010 4058 4070
10005 15199 15313
26002 2289 2332
26003 1052 1105
26003 4058 4134
26003 4150 4193
26003 4209 4404
26003 4420 4450
